



1112131321
1111231233
3333234
1132113312
2121221221
1111223232
3311131322
4111112
131
4333111111
212212
21222
22121
32223
32112
11111
21222
12122
121
3232221
11242
21211
12222
13231
12332
11211
22213
12211
21222
22332
2122
4332112311
1322232131
3332341
22222
21223
22132
21212
22122
1221314
3111121332
1132321131
1223132
12242
22232
23321
22331
12121
31211
11222
21223
42223
43333
23222
23221
11212
22221
12233
23333
12223
12231
31333
22223
11132
13123
21232
33131
32122
32231
32221
31133
31321
31111
23331
21123
31122
33221
21313
21212
22213
22222
23131
12212
12221
21212
23113
22221
31312
133321211
13212
21211
12421
12212
32113
1131122321
1221323332
3213132
2213333213
11223
12113
1223122221
1123222112
22313
3132111221
2112
2312223311
3333213421
3311332343
3223
132141
21432
22123
24211
12232
22112
22213
13313
33332
33212
22321
32322
11213
44333
23221
33221
43232
12211
12131
22122
32221
33132
21222
21431
32214
22122
33123
12333
41113
12242
22222
21222
22311
21211
12232
31223
13113
33112
31222
22323
22112
14211
13211
21421
22211
3222231222
1121211111
3313211432
1221232322
1222121113
3212224433
3242233242
2121432442
121333121
1243242121
23211
44223
22233
32221
12312
33323
23122
1532121121
221214121
121221343
12232422
32333
22211
1222222
3221122244
121223
22412
22321
22123
1224313
12231
11321
21121
3222121
21231
1141323
23222
31212
22112
22312
12113
22332
33214
33232
23122
23323
12221
222233
2121311323
1123221211
311231
31213
21232
32213
21131
21221
13322
